=== Run information ===

Scheme:weka.classifiers.functions.LinearRegression -S 0 -R 1.0E-8
Relation:     lung_cancer_conv-weka.filters.unsupervised.attribute.Remove-R1-2
Instances:    1000
Attributes:   24
              Age
              Gender
              Air Pollution
              Alcohol use
              Dust Allergy
              OccuPational Hazards
              Genetic Risk
              chronic Lung Disease
              Balanced Diet
              Obesity
              Smoking
              Passive Smoker
              Chest Pain
              Coughing of Blood
              Fatigue
              Weight Loss
              Shortness of Breath
              Wheezing
              Swallowing Difficulty
              Clubbing of Finger Nails
              Frequent Cold
              Dry Cough
              Snoring
              Level
Test mode:10-fold cross-validation

=== Classifier model (full training set) ===


Linear Regression Model

Level =

      0.0015 * Age +
      0.0948 * Gender +
      0.0549 * Air Pollution +
     -0.0149 * Alcohol use +
     -0.0519 * OccuPational Hazards +
      0.1673 * Genetic Risk +
      0.0097 * chronic Lung Disease +
      0.0248 * Balanced Diet +
      0.0478 * Obesity +
     -0.0132 * Smoking +
      0.0295 * Passive Smoker +
     -0.0825 * Chest Pain +
      0.1209 * Coughing of Blood +
      0.0629 * Fatigue +
     -0.0184 * Weight Loss +
      0.0525 * Shortness of Breath +
      0.0751 * Swallowing Difficulty +
      0.0475 * Clubbing of Finger Nails +
      0.0119 * Dry Cough +
      0.13   * Snoring +
     -0.7332

Time taken to build model: 0 seconds

=== Predictions on test data ===

inst#,    actual, predicted, error
     1      1          0.895     -0.105
     2      3          2.951     -0.049
     3      3          2.755     -0.245
     4      3          2.908     -0.092
     5      1          1.299      0.299
     6      2          1.794     -0.206
     7      2          1.899     -0.101
     8      2          1.812     -0.188
     9      3          3.395      0.395
    10      2          1.968     -0.032
    11      1          1.246      0.246
    12      1          0.421     -0.579
    13      1          0.806     -0.194
    14      1          0.997     -0.003
    15      1          1.062      0.062
    16      1          1.078      0.078
    17      1          1.112      0.112
    18      1          0.787     -0.213
    19      3          3.238      0.238
    20      2          1.955     -0.045
    21      1          0.922     -0.078
    22      1          1.164      0.164
    23      1          0.997     -0.003
    24      1          1.664      0.664
    25      3          3.038      0.038
    26      3          2.939     -0.061
    27      3          2.755     -0.245
    28      1          1.398      0.398
    29      2          1.909     -0.091
    30      3          2.453     -0.547
    31      1          0.922     -0.078
    32      2          1.968     -0.032
    33      3          2.794     -0.206
    34      1          1.902      0.902
    35      1          1.112      0.112
    36      2          1.999     -0.001
    37      3          2.888     -0.112
    38      1          0.421     -0.579
    39      3          3.395      0.395
    40      3          2.659     -0.341
    41      3          2.491     -0.509
    42      3          2.951     -0.049
    43      3          2.949     -0.051
    44      3          2.987     -0.013
    45      3          2.997     -0.003
    46      3          2.973     -0.027
    47      2          2.338      0.338
    48      3          2.997     -0.003
    49      1          1.112      0.112
    50      3          3.038      0.038
    51      2          1.916     -0.084
    52      3          2.987     -0.013
    53      2          1.939     -0.061
    54      3          2.879     -0.121
    55      1          1.078      0.078
    56      3          2.949     -0.051
    57      3          2.949     -0.051
    58      1          1.123      0.123
    59      2          2.001      0.001
    60      1          1.048      0.048
    61      2          2.099      0.099
    62      3          2.977     -0.023
    63      3          3.395      0.395
    64      3          2.939     -0.061
    65      2          1.986     -0.014
    66      2          1.972     -0.028
    67      1          0.922     -0.078
    68      1          0.627     -0.373
    69      3          2.916     -0.084
    70      1          0.895     -0.105
    71      1          0.997     -0.003
    72      2          1.887     -0.113
    73      3          2.997     -0.003
    74      3          2.755     -0.245
    75      2          1.929     -0.071
    76      1          1.164      0.164
    77      3          3.096      0.096
    78      1          1.136      0.136
    79      2          1.88      -0.12 
    80      2          1.794     -0.206
    81      2          1.899     -0.101
    82      1          1.164      0.164
    83      1          1.209      0.209
    84      3          3.141      0.141
    85      2          1.889     -0.111
    86      1          1.902      0.902
    87      1          1.164      0.164
    88      3          2.939     -0.061
    89      3          2.973     -0.027
    90      3          3.047      0.047
    91      3          2.908     -0.092
    92      2          2.08       0.08 
    93      2          2.001      0.001
    94      3          2.453     -0.547
    95      3          2.893     -0.107
    96      1          0.841     -0.159
    97      1          1.23       0.23 
    98      2          1.788     -0.212
    99      1          1.207      0.207
   100      2          1.896     -0.104
     1      1          1.017      0.017
     2      1          0.891     -0.109
     3      3          2.907     -0.093
     4      2          1.93      -0.07 
     5      1          1.137      0.137
     6      1          0.933     -0.067
     7      3          2.907     -0.093
     8      3          3.166      0.166
     9      1          1.041      0.041
    10      1          1.137      0.137
    11      1          1.829      0.829
    12      2          2.05       0.05 
    13      2          2.049      0.049
    14      2          2.013      0.013
    15      2          1.919     -0.081
    16      1          0.802     -0.198
    17      1          0.964     -0.036
    18      1          1.436      0.436
    19      2          1.862     -0.138
    20      3          2.854     -0.146
    21      2          1.903     -0.097
    22      2          1.885     -0.115
    23      2          1.93      -0.07 
    24      2          1.919     -0.081
    25      1          1.675      0.675
    26      3          2.785     -0.215
    27      2          2.406      0.406
    28      1          1.282      0.282
    29      1          1.041      0.041
    30      2          1.96      -0.04 
    31      2          1.829     -0.171
    32      2          1.945     -0.055
    33      2          2.05       0.05 
    34      1          1.076      0.076
    35      2          1.758     -0.242
    36      3          3.109      0.109
    37      1          1.033      0.033
    38      3          2.485     -0.515
    39      1          1.259      0.259
    40      1          0.476     -0.524
    41      3          2.892     -0.108
    42      2          1.919     -0.081
    43      3          2.795     -0.205
    44      2          1.974     -0.026
    45      2          2.034      0.034
    46      2          1.933     -0.067
    47      2          1.928     -0.072
    48      3          2.807     -0.193
    49      3          3.233      0.233
    50      1          1.293      0.293
    51      3          3.049      0.049
    52      1          1.076      0.076
    53      2          2.034      0.034
    54      2          1.803     -0.197
    55      3          3.383      0.383
    56      1          1.137      0.137
    57      2          1.903     -0.097
    58      3          3.166      0.166
    59      3          2.818     -0.182
    60      2          2.05       0.05 
    61      3          2.807     -0.193
    62      1          1.164      0.164
    63      2          1.758     -0.242
    64      3          2.94      -0.06 
    65      3          2.995     -0.005
    66      3          3.387      0.387
    67      1          1.261      0.261
    68      1          1.436      0.436
    69      3          3.233      0.233
    70      2          2.406      0.406
    71      3          2.795     -0.205
    72      2          1.885     -0.115
    73      2          2.406      0.406
    74      2          1.974     -0.026
    75      3          2.635     -0.365
    76      1          1.132      0.132
    77      2          1.862     -0.138
    78      2          1.96      -0.04 
    79      1          1.022      0.022
    80      1          1.137      0.137
    81      2          1.906     -0.094
    82      2          2.369      0.369
    83      3          2.443     -0.557
    84      1          0.92      -0.08 
    85      3          2.807     -0.193
    86      3          3.383      0.383
    87      1          1.436      0.436
    88      2          1.905     -0.095
    89      1          1.137      0.137
    90      3          2.786     -0.214
    91      2          1.919     -0.081
    92      2          1.97      -0.03 
    93      3          2.933     -0.067
    94      1          0.9       -0.1  
    95      2          1.93      -0.07 
    96      3          2.632     -0.368
    97      3          2.961     -0.039
    98      3          2.632     -0.368
    99      1          1.436      0.436
   100      1          1.259      0.259
     1      2          1.94      -0.06 
     2      2          1.914     -0.086
     3      1          1.248      0.248
     4      3          2.746     -0.254
     5      1          1.41       0.41 
     6      3          2.978     -0.022
     7      2          1.921     -0.079
     8      1          1.14       0.14 
     9      3          3.074      0.074
    10      3          2.933     -0.067
    11      2          2.039      0.039
    12      1          1.14       0.14 
    13      3          2.502     -0.498
    14      1          0.765     -0.235
    15      3          2.909     -0.091
    16      3          3.108      0.108
    17      2          1.94      -0.06 
    18      2          2.36       0.36 
    19      1          0.907     -0.093
    20      1          1.14       0.14 
    21      2          1.877     -0.123
    22      2          1.895     -0.105
    23      2          2.047      0.047
    24      2          2.113      0.113
    25      3          3.056      0.056
    26      3          2.971     -0.029
    27      2          1.972     -0.028
    28      2          1.903     -0.097
    29      3          2.971     -0.029
    30      2          2.36       0.36 
    31      2          1.877     -0.123
    32      2          1.903     -0.097
    33      1          0.61      -0.39 
    34      3          3.38       0.38 
    35      1          1.665      0.665
    36      1          1.287      0.287
    37      3          2.963     -0.037
    38      1          0.941     -0.059
    39      3          2.909     -0.091
    40      1          1.03       0.03 
    41      3          2.448     -0.552
    42      3          2.746     -0.254
    43      1          1.03       0.03 
    44      1          1.007      0.007
    45      3          2.881     -0.119
    46      1          1.007      0.007
    47      3          2.639     -0.361
    48      2          2.004      0.004
    49      1          0.866     -0.134
    50      2          1.919     -0.081
    51      3          2.801     -0.199
    52      3          2.806     -0.194
    53      2          2.028      0.028
    54      2          2.113      0.113
    55      2          1.921     -0.079
    56      2          1.89      -0.11 
    57      1          1.288      0.288
    58      2          1.772     -0.228
    59      1          1.007      0.007
    60      1          1.41       0.41 
    61      3          3.276      0.276
    62      2          1.972     -0.028
    63      1          1.248      0.248
    64      1          1.14       0.14 
    65      2          2.029      0.029
    66      3          2.801     -0.199
    67      3          3.159      0.159
    68      1          1.184      0.184
    69      2          1.785     -0.215
    70      2          1.921     -0.079
    71      3          2.881     -0.119
    72      3          2.787     -0.213
    73      1          0.61      -0.39 
    74      1          1.391      0.391
    75      1          1.325      0.325
    76      1          0.765     -0.235
    77      1          0.765     -0.235
    78      3          2.993     -0.007
    79      3          2.963     -0.037
    80      1          1.03       0.03 
    81      2          1.914     -0.086
    82      2          1.785     -0.215
    83      2          1.768     -0.232
    84      2          1.895     -0.105
    85      2          1.921     -0.079
    86      2          1.816     -0.184
    87      2          1.816     -0.184
    88      1          1.139      0.139
    89      3          3.375      0.375
    90      3          3.382      0.382
    91      1          1.325      0.325
    92      2          1.962     -0.038
    93      2          1.785     -0.215
    94      2          1.774     -0.226
    95      1          1.143      0.143
    96      2          1.974     -0.026
    97      3          3.044      0.044
    98      1          0.445     -0.555
    99      1          0.966     -0.034
   100      1          0.765     -0.235
     1      2          2.016      0.016
     2      3          2.761     -0.239
     3      1          1.136      0.136
     4      2          2.385      0.385
     5      1          1.102      0.102
     6      2          2.016      0.016
     7      1          1.316      0.316
     8      2          1.857     -0.143
     9      2          1.811     -0.189
    10      3          3.052      0.052
    11      3          2.959     -0.041
    12      1          0.928     -0.072
    13      2          1.986     -0.014
    14      1          1.016      0.016
    15      1          0.95      -0.05 
    16      2          1.971     -0.029
    17      3          2.893     -0.107
    18      3          3.246      0.246
    19      2          1.986     -0.014
    20      2          1.948     -0.052
    21      1          1.019      0.019
    22      3          2.888     -0.112
    23      3          2.88      -0.12 
    24      1          1.019      0.019
    25      3          2.972     -0.028
    26      2          1.997     -0.003
    27      3          2.472     -0.528
    28      1          1.316      0.316
    29      3          2.796     -0.204
    30      3          3.101      0.101
    31      3          2.934     -0.066
    32      2          1.901     -0.099
    33      2          1.908     -0.092
    34      3          3.269      0.269
    35      2          1.921     -0.079
    36      2          2.062      0.062
    37      3          3.001      0.001
    38      3          2.921     -0.079
    39      2          1.886     -0.114
    40      3          2.972     -0.028
    41      2          2.081      0.081
    42      2          1.956     -0.044
    43      3          2.835     -0.165
    44      2          2.054      0.054
    45      2          2.045      0.045
    46      2          1.986     -0.014
    47      3          2.951     -0.049
    48      3          2.951     -0.049
    49      3          3.052      0.052
    50      1          1.67       0.67 
    51      2          1.929     -0.071
    52      3          2.921     -0.079
    53      3          2.951     -0.049
    54      2          1.889     -0.111
    55      1          1.217      0.217
    56      3          2.835     -0.165
    57      1          0.888     -0.112
    58      2          1.857     -0.143
    59      2          1.916     -0.084
    60      1          1.336      0.336
    61      3          2.88      -0.12 
    62      1          1.132      0.132
    63      3          3.16       0.16 
    64      3          2.934     -0.066
    65      3          2.9       -0.1  
    66      2          1.901     -0.099
    67      3          2.88      -0.12 
    68      3          2.993     -0.007
    69      3          2.641     -0.359
    70      3          2.9       -0.1  
    71      3          2.951     -0.049
    72      3          3.16       0.16 
    73      3          3.269      0.269
    74      3          2.835     -0.165
    75      2          1.956     -0.044
    76      3          3.379      0.379
    77      3          3.05       0.05 
    78      1          0.928     -0.072
    79      3          2.966     -0.034
    80      1          1.404      0.404
    81      3          3.06       0.06 
    82      3          2.843     -0.157
    83      2          2.054      0.054
    84      2          1.787     -0.213
    85      2          1.971     -0.029
    86      3          2.951     -0.049
    87      1          0.919     -0.081
    88      3          2.936     -0.064
    89      1          1.14       0.14 
    90      2          1.961     -0.039
    91      2          1.903     -0.097
    92      3          2.993     -0.007
    93      3          2.416     -0.584
    94      1          1.336      0.336
    95      3          2.826     -0.174
    96      2          1.811     -0.189
    97      2          1.843     -0.157
    98      3          2.9       -0.1  
    99      1          1.132      0.132
   100      3          2.997     -0.003
     1      2          1.977     -0.023
     2      2          1.959     -0.041
     3      2          1.801     -0.199
     4      3          3.429      0.429
     5      2          2.044      0.044
     6      1          1.117      0.117
     7      3          2.847     -0.153
     8      2          1.806     -0.194
     9      3          2.896     -0.104
    10      3          2.945     -0.055
    11      3          3.431      0.431
    12      2          2.044      0.044
    13      2          1.794     -0.206
    14      2          2.351      0.351
    15      3          2.847     -0.153
    16      1          1.016      0.016
    17      3          3.146      0.146
    18      2          2.019      0.019
    19      1          1.895      0.895
    20      2          2.351      0.351
    21      3          2.816     -0.184
    22      2          2.044      0.044
    23      2          2.044      0.044
    24      2          1.969     -0.031
    25      3          3.431      0.431
    26      2          1.977     -0.023
    27      2          1.952     -0.048
    28      3          2.862     -0.138
    29      3          2.95      -0.05 
    30      2          1.934     -0.066
    31      1          1.016      0.016
    32      2          1.963     -0.037
    33      2          2.347      0.347
    34      2          1.767     -0.233
    35      2          1.934     -0.066
    36      1          1.036      0.036
    37      3          3.425      0.425
    38      2          1.884     -0.116
    39      3          2.95      -0.05 
    40      3          3.243      0.243
    41      3          2.816     -0.184
    42      1          1.068      0.068
    43      1          0.862     -0.138
    44      3          3.053      0.053
    45      3          3.243      0.243
    46      3          2.804     -0.196
    47      2          2.059      0.059
    48      3          3.065      0.065
    49      2          2.044      0.044
    50      1          0.862     -0.138
    51      2          1.837     -0.163
    52      3          2.804     -0.196
    53      2          1.918     -0.082
    54      1          1.119      0.119
    55      1          0.465     -0.535
    56      1          1.117      0.117
    57      2          1.973     -0.027
    58      1          1.119      0.119
    59      3          2.923     -0.077
    60      2          1.886     -0.114
    61      3          3.065      0.065
    62      2          2.076      0.076
    63      1          1.02       0.02 
    64      1          0.789     -0.211
    65      3          2.901     -0.099
    66      3          3.055      0.055
    67      1          0.904     -0.096
    68      3          3.429      0.429
    69      3          2.894     -0.106
    70      1          1.318      0.318
    71      2          1.886     -0.114
    72      2          1.903     -0.097
    73      1          0.904     -0.096
    74      3          2.847     -0.153
    75      1          1.036      0.036
    76      1          1.287      0.287
    77      3          2.945     -0.055
    78      1          1.117      0.117
    79      3          2.462     -0.538
    80      1          1.681      0.681
    81      3          2.847     -0.153
    82      3          2.95      -0.05 
    83      1          1.188      0.188
    84      1          0.891     -0.109
    85      1          1.895      0.895
    86      2          2.031      0.031
    87      3          2.876     -0.124
    88      2          1.806     -0.194
    89      3          3.053      0.053
    90      2          1.959     -0.041
    91      2          2.347      0.347
    92      1          1.067      0.067
    93      1          1.121      0.121
    94      3          2.795     -0.205
    95      1          0.948     -0.052
    96      2          1.939     -0.061
    97      2          1.884     -0.116
    98      1          1.067      0.067
    99      2          1.952     -0.048
   100      1          1.016      0.016
     1      3          2.884     -0.116
     2      3          2.779     -0.221
     3      3          2.804     -0.196
     4      1          0.624     -0.376
     5      2          2.004      0.004
     6      3          2.94      -0.06 
     7      1          1.023      0.023
     8      2          1.936     -0.064
     9      2          1.881     -0.119
    10      3          3.057      0.057
    11      3          2.897     -0.103
    12      1          0.899     -0.101
    13      2          2.033      0.033
    14      2          1.945     -0.055
    15      2          1.965     -0.035
    16      3          2.929     -0.071
    17      2          1.909     -0.091
    18      1          1.746      0.746
    19      1          1.141      0.141
    20      2          1.871     -0.129
    21      2          1.928     -0.072
    22      2          2.381      0.381
    23      2          1.909     -0.091
    24      3          2.945     -0.055
    25      2          1.776     -0.224
    26      3          2.823     -0.177
    27      2          1.776     -0.224
    28      1          0.927     -0.073
    29      2          1.928     -0.072
    30      2          2.004      0.004
    31      1          1.089      0.089
    32      3          3.15       0.15 
    33      1          1.249      0.249
    34      1          1.301      0.301
    35      3          2.823     -0.177
    36      1          1.896      0.896
    37      1          1.023      0.023
    38      1          1.141      0.141
    39      3          3.239      0.239
    40      3          2.852     -0.148
    41      2          1.909     -0.091
    42      3          2.888     -0.112
    43      2          1.945     -0.055
    44      1          1.181      0.181
    45      1          1.111      0.111
    46      2          1.933     -0.067
    47      1          1.3        0.3  
    48      3          2.883     -0.117
    49      1          1.111      0.111
    50      1          1.321      0.321
    51      2          2.047      0.047
    52      2          1.965     -0.035
    53      2          1.825     -0.175
    54      1          1.023      0.023
    55      3          2.94      -0.06 
    56      1          1.036      0.036
    57      3          3.057      0.057
    58      1          1.408      0.408
    59      3          2.81      -0.19 
    60      1          1.056      0.056
    61      1          0.884     -0.116
    62      2          2.004      0.004
    63      1          1.408      0.408
    64      3          2.888     -0.112
    65      1          0.963     -0.037
    66      2          2.033      0.033
    67      1          1.249      0.249
    68      1          1.3        0.3  
    69      3          3.376      0.376
    70      1          1.089      0.089
    71      3          3.057      0.057
    72      1          1.328      0.328
    73      2          1.933     -0.067
    74      3          3.094      0.094
    75      1          1.746      0.746
    76      3          2.987     -0.013
    77      2          1.89      -0.11 
    78      2          1.938     -0.062
    79      3          2.929     -0.071
    80      2          1.881     -0.119
    81      1          1.023      0.023
    82      2          1.907     -0.093
    83      3          2.823     -0.177
    84      3          2.94      -0.06 
    85      2          2.334      0.334
    86      3          2.975     -0.025
    87      1          1.321      0.321
    88      3          3.057      0.057
    89      1          1.321      0.321
    90      1          0.903     -0.097
    91      2          1.871     -0.129
    92      1          1.653      0.653
    93      3          2.932     -0.068
    94      2          1.965     -0.035
    95      2          1.776     -0.224
    96      2          1.861     -0.139
    97      1          1.037      0.037
    98      3          2.512     -0.488
    99      2          1.974     -0.026
   100      2          2.047      0.047
     1      1          1.232      0.232
     2      2          1.968     -0.032
     3      1          1.145      0.145
     4      3          2.846     -0.154
     5      1          1.043      0.043
     6      3          2.785     -0.215
     7      2          1.786     -0.214
     8      2          1.89      -0.11 
     9      3          2.846     -0.154
    10      2          2.008      0.008
    11      3          2.919     -0.081
    12      3          3.249      0.249
    13      1          0.828     -0.172
    14      3          2.943     -0.057
    15      3          2.969     -0.031
    16      3          2.946     -0.054
    17      2          1.901     -0.099
    18      2          1.896     -0.104
    19      2          1.896     -0.104
    20      3          2.993     -0.007
    21      1          1.71       0.71 
    22      2          1.903     -0.097
    23      1          0.9       -0.1  
    24      3          2.919     -0.081
    25      2          1.885     -0.115
    26      1          1.903      0.903
    27      2          1.963     -0.037
    28      2          1.948     -0.052
    29      3          2.972     -0.028
    30      1          0.9       -0.1  
    31      3          2.878     -0.122
    32      2          2.01       0.01 
    33      3          2.949     -0.051
    34      1          1.135      0.135
    35      1          1.406      0.406
    36      1          1.135      0.135
    37      1          1.903      0.903
    38      2          1.89      -0.11 
    39      2          1.986     -0.014
    40      1          0.418     -0.582
    41      3          3.034      0.034
    42      2          1.923     -0.077
    43      3          2.886     -0.114
    44      3          2.8       -0.2  
    45      3          2.969     -0.031
    46      3          3.031      0.031
    47      2          1.912     -0.088
    48      1          0.6       -0.4  
    49      2          2.036      0.036
    50      2          1.948     -0.052
    51      3          3.372      0.372
    52      1          0.418     -0.582
    53      2          1.903     -0.097
    54      2          1.912     -0.088
    55      3          2.905     -0.095
    56      1          1.406      0.406
    57      3          2.642     -0.358
    58      3          2.972     -0.028
    59      1          1.112      0.112
    60      2          1.903     -0.097
    61      1          1.232      0.232
    62      3          2.642     -0.358
    63      2          1.948     -0.052
    64      1          0.828     -0.172
    65      3          2.957     -0.043
    66      3          2.905     -0.095
    67      1          1.248      0.248
    68      2          1.789     -0.211
    69      1          1.112      0.112
    70      2          1.96      -0.04 
    71      3          2.898     -0.102
    72      1          1.021      0.021
    73      3          2.972     -0.028
    74      2          1.789     -0.211
    75      1          1.039      0.039
    76      1          1.71       0.71 
    77      2          1.978     -0.022
    78      2          2.045      0.045
    79      2          1.948     -0.052
    80      3          2.747     -0.253
    81      3          2.492     -0.508
    82      2          1.808     -0.192
    83      3          3.031      0.031
    84      2          1.789     -0.211
    85      1          1.207      0.207
    86      3          2.81      -0.19 
    87      2          1.986     -0.014
    88      3          2.949     -0.051
    89      3          2.972     -0.028
    90      3          2.957     -0.043
    91      1          1.05       0.05 
    92      1          0.828     -0.172
    93      3          2.712     -0.288
    94      1          0.977     -0.023
    95      2          2.132      0.132
    96      3          2.785     -0.215
    97      3          2.919     -0.081
    98      2          2.03       0.03 
    99      2          1.942     -0.058
   100      2          2.045      0.045
     1      3          2.941     -0.059
     2      2          1.794     -0.206
     3      2          2.032      0.032
     4      1          1.272      0.272
     5      1          0.653     -0.347
     6      3          2.842     -0.158
     7      3          3.001      0.001
     8      1          1.043      0.043
     9      3          2.999     -0.001
    10      2          1.889     -0.111
    11      2          2.073      0.073
    12      3          2.448     -0.552
    13      3          2.66      -0.34 
    14      3          2.74      -0.26 
    15      1          1.176      0.176
    16      2          1.93      -0.07 
    17      1          0.777     -0.223
    18      2          1.777     -0.223
    19      3          3.412      0.412
    20      3          2.789     -0.211
    21      1          0.959     -0.041
    22      3          2.957     -0.043
    23      3          2.981     -0.019
    24      2          2.073      0.073
    25      3          2.434     -0.566
    26      2          1.971     -0.029
    27      3          2.941     -0.059
    28      3          2.789     -0.211
    29      3          2.835     -0.165
    30      1          1.16       0.16 
    31      2          1.984     -0.016
    32      3          3.05       0.05 
    33      2          1.794     -0.206
    34      3          2.871     -0.129
    35      2          1.732     -0.268
    36      1          1.043      0.043
    37      2          2.06       0.06 
    38      3          3.407      0.407
    39      3          2.394     -0.606
    40      3          3.001      0.001
    41      3          2.957     -0.043
    42      2          1.926     -0.074
    43      2          2.037      0.037
    44      1          0.434     -0.566
    45      3          2.941     -0.059
    46      2          1.889     -0.111
    47      2          1.943     -0.057
    48      2          1.967     -0.033
    49      3          3.247      0.247
    50      3          3.407      0.407
    51      2          2.349      0.349
    52      3          2.871     -0.129
    53      2          1.776     -0.224
    54      1          1.176      0.176
    55      2          1.889     -0.111
    56      3          2.88      -0.12 
    57      2          2.012      0.012
    58      3          2.941     -0.059
    59      3          2.981     -0.019
    60      2          1.869     -0.131
    61      3          3.05       0.05 
    62      1          0.434     -0.566
    63      2          1.93      -0.07 
    64      3          2.988     -0.012
    65      2          2.037      0.037
    66      1          0.888     -0.112
    67      2          2.032      0.032
    68      2          1.732     -0.268
    69      2          1.888     -0.112
    70      3          2.988     -0.012
    71      3          2.999     -0.001
    72      1          1.042      0.042
    73      2          1.903     -0.097
    74      3          2.394     -0.606
    75      2          1.967     -0.033
    76      3          2.811     -0.189
    77      3          2.788     -0.212
    78      3          2.821     -0.179
    79      3          3.098      0.098
    80      3          3.147      0.147
    81      2          1.93      -0.07 
    82      2          1.871     -0.129
    83      1          1.11       0.11 
    84      1          1.401      0.401
    85      1          0.888     -0.112
    86      3          2.871     -0.129
    87      1          1.066      0.066
    88      2          1.879     -0.121
    89      2          1.953     -0.047
    90      1          0.653     -0.347
    91      1          1.401      0.401
    92      2          1.732     -0.268
    93      1          0.844     -0.156
    94      3          2.912     -0.088
    95      2          1.929     -0.071
    96      2          1.786     -0.214
    97      1          0.777     -0.223
    98      2          1.794     -0.206
    99      3          3.412      0.412
   100      1          1.22       0.22 
     1      1          1.005      0.005
     2      1          0.63      -0.37 
     3      2          2.051      0.051
     4      3          2.636     -0.364
     5      2          2.495      0.495
     6      1          0.464     -0.536
     7      1          1.235      0.235
     8      3          2.983     -0.017
     9      2          1.898     -0.102
    10      3          3.05       0.05 
    11      1          0.803     -0.197
    12      1          1.552      0.552
    13      1          1.075      0.075
    14      3          3.408      0.408
    15      2          1.957     -0.043
    16      3          3.004      0.004
    17      1          0.929     -0.071
    18      3          3.015      0.015
    19      3          3.261      0.261
    20      1          0.976     -0.024
    21      1          1.139      0.139
    22      1          1.153      0.153
    23      2          1.895     -0.105
    24      2          1.93      -0.07 
    25      1          1.033      0.033
    26      3          2.977     -0.023
    27      1          1.304      0.304
    28      1          0.908     -0.092
    29      3          2.896     -0.104
    30      3          2.941     -0.059
    31      1          0.929     -0.071
    32      2          1.957     -0.043
    33      3          2.942     -0.058
    34      1          0.63      -0.37 
    35      3          3.111      0.111
    36      2          2.387      0.387
    37      1          1.005      0.005
    38      3          2.915     -0.085
    39      3          2.944     -0.056
    40      3          2.983     -0.017
    41      1          0.961     -0.039
    42      3          3.174      0.174
    43      2          1.909     -0.091
    44      1          1.134      0.134
    45      3          2.842     -0.158
    46      1          1.139      0.139
    47      1          1.304      0.304
    48      2          1.766     -0.234
    49      2          2.035      0.035
    50      2          1.898     -0.102
    51      3          3.402      0.402
    52      1          0.975     -0.025
    53      2          1.796     -0.204
    54      3          2.899     -0.101
    55      3          2.896     -0.104
    56      1          0.908     -0.092
    57      2          1.935     -0.065
    58      3          2.944     -0.056
    59      2          1.977     -0.023
    60      1          1.423      0.423
    61      2          2.371      0.371
    62      2          2.083      0.083
    63      3          2.471     -0.529
    64      3          3.015      0.015
    65      2          2.083      0.083
    66      3          3.05       0.05 
    67      1          0.908     -0.092
    68      1          1.26       0.26 
    69      3          2.896     -0.104
    70      1          1.139      0.139
    71      1          1.033      0.033
    72      3          3.261      0.261
    73      3          2.636     -0.364
    74      2          2.016      0.016
    75      3          3.408      0.408
    76      1          1.423      0.423
    77      2          1.898     -0.102
    78      3          3.052      0.052
    79      2          1.972     -0.028
    80      2          2.045      0.045
    81      2          1.895     -0.105
    82      3          3.402      0.402
    83      1          1.423      0.423
    84      1          1.005      0.005
    85      2          1.887     -0.113
    86      2          1.807     -0.193
    87      2          1.964     -0.036
    88      2          1.988     -0.012
    89      3          2.942     -0.058
    90      3          2.864     -0.136
    91      3          3.402      0.402
    92      1          1.116      0.116
    93      3          2.426     -0.574
    94      3          2.941     -0.059
    95      2          1.977     -0.023
    96      1          1.26       0.26 
    97      2          2.035      0.035
    98      3          2.962     -0.038
    99      2          1.964     -0.036
   100      3          2.949     -0.051
     1      3          2.505     -0.495
     2      3          2.723     -0.277
     3      1          1.119      0.119
     4      1          1.009      0.009
     5      3          2.886     -0.114
     6      1          0.871     -0.129
     7      3          2.964     -0.036
     8      3          2.914     -0.086
     9      1          0.889     -0.111
    10      3          2.952     -0.048
    11      3          2.949     -0.051
    12      3          3.262      0.262
    13      2          1.979     -0.021
    14      2          1.877     -0.123
    15      3          2.991     -0.009
    16      2          2.033      0.033
    17      2          2.389      0.389
    18      3          2.896     -0.104
    19      3          2.826     -0.174
    20      1          1.11       0.11 
    21      3          2.992     -0.008
    22      3          3.099      0.099
    23      2          1.925     -0.075
    24      1          0.889     -0.111
    25      1          0.889     -0.111
    26      3          2.914     -0.086
    27      1          1.102      0.102
    28      2          1.975     -0.025
    29      3          3.048      0.048
    30      3          2.83      -0.17 
    31      3          2.952     -0.048
    32      3          3.277      0.277
    33      1          1.158      0.158
    34      3          3.262      0.262
    35      1          0.871     -0.129
    36      3          2.939     -0.061
    37      1          0.889     -0.111
    38      2          1.938     -0.062
    39      3          2.939     -0.061
    40      3          3.277      0.277
    41      2          1.877     -0.123
    42      2          1.925     -0.075
    43      1          1.413      0.413
    44      1          1.413      0.413
    45      1          0.927     -0.073
    46      1          1.011      0.011
    47      1          0.85      -0.15 
    48      3          3.002      0.002
    49      3          3.391      0.391
    50      1          0.85      -0.15 
    51      1          1.191      0.191
    52      1          0.931     -0.069
    53      2          2.037      0.037
    54      1          1.302      0.302
    55      1          1.039      0.039
    56      1          1.242      0.242
    57      1          1.413      0.413
    58      1          1.274      0.274
    59      3          2.819     -0.181
    60      2          1.95      -0.05 
    61      3          2.926     -0.074
    62      2          1.981     -0.019
    63      2          1.893     -0.107
    64      3          2.826     -0.174
    65      1          0.616     -0.384
    66      1          1.191      0.191
    67      1          1.282      0.282
    68      2          1.933     -0.067
    69      1          1.077      0.077
    70      3          2.991     -0.009
    71      3          2.891     -0.109
    72      2          2.389      0.389
    73      1          1.242      0.242
    74      3          3.262      0.262
    75      2          2.014      0.014
    76      2          1.879     -0.121
    77      1          1.895      0.895
    78      3          2.81      -0.19 
    79      3          3.391      0.391
    80      2          1.797     -0.203
    81      3          2.819     -0.181
    82      2          1.791     -0.209
    83      2          1.963     -0.037
    84      1          1.274      0.274
    85      3          3.099      0.099
    86      1          1.036      0.036
    87      2          1.933     -0.067
    88      3          3.392      0.392
    89      2          1.95      -0.05 
    90      1          1.895      0.895
    91      3          2.777     -0.223
    92      2          2.042      0.042
    93      3          2.886     -0.114
    94      3          2.985     -0.015
    95      1          1.274      0.274
    96      2          1.816     -0.184
    97      3          3.048      0.048
    98      3          2.777     -0.223
    99      2          1.879     -0.121
   100      3          2.939     -0.061

=== Cross-validation ===
=== Summary ===

Correlation coefficient                  0.9609
Mean absolute error                      0.1601
Root mean squared error                  0.2256
Relative absolute error                 23.3444 %
Root relative squared error             27.6376 %
Total Number of Instances             1000     

